x0 = 4;
v0 = 0.5;
T = 1.2;

xT = 0;
vT = 0;

